AE: 0.42786282
AL: 0.024482107
AM: 0.20694258
AO: 0.16886728
AR: 0.34729196
AT: 0.0824
AU: 0.48625497
AZ: 0.48151907
BA: 0.47845804
BD: 0.44666843
BE: 0.161
BG: 0.4104
BH: 0.48995312
BJ: 0.65217395
BL: 0.859
BN: 0.6590909
BO: 0.3114754
BR: 0.14177426
BW: 0.8
BY: 0.44362558
CA: 0.11899668
CD: 0.026002169
CG: 0.36414563
CH: 0.0273
CI: 0.42138367
CL: 0.37446323
CM: 0.2437071
CN: 0.5413317
CO: 0.19262947
CR: 0.030903326
CU: 0.5759049
CY: 0.6209
CZ: 0.4366
DE: 0.311
DK: 0.109
DO: 0.6057243
DZ: 0.44974878
EC: 0.13754825
EE: 0.774
EG: 0.3890191
ER: 0.6590909
ES: 0.1564
ET: 0.025441698
EU: 0.2307
FI: 0.0686
FR: 0.052
GA: 0.29491525
GB: 0.225
GE: 0.111374405
GF: 0.957
GH: 0.35504724
GI: 0.762
GP: 0.5886076
GR: 0.4792
GT: 0.3320158
HN: 0.35864594
HR: 0.1338
HT: 0.606383
HU: 0.2164
ID: 0.6246789
IE: 0.2786
IL: 0.52777277
IN: 0.6260071
IQ: 0.4197325
IS: 0.02875471
IT: 0.2134
JM: 0.5323383
JO: 0.43220337
JP: 0.4164962
KE: 0.11237928
KG: 0.09152752
KH: 0.42352942
KP: 0.14955203
KR: 0.42382675
KW: 0.4381219
KZ: 0.6549424
LB: 0.54489166
LK: 0.43922418
LT: 0.0454
LU: 0.585
LV: 0.1065
LY: 0.49651044
MA: 0.57106445
MD: 0.6298568
ME: 0.3506849
MF: 0.82
MK: 0.34911407
MM: 0.31110156
MN: 0.72597406
MQ: 0.6535948
MT: 0.379
MX: 0.37380746
MY: 0.54100055
MZ: 0.12977527
NA: 0.056603775
NG: 0.3952415
NI: 0.34334766
NL: 0.3285
'NO': 0.025080723
NP: 0.022653723
NZ: 0.13598497
OM: 0.44053098
PA: 0.18339417
PE: 0.23397925
PF: 0.858
PH: 0.5443023
PK: 0.29577448
PL: 0.7098
PM: 0.944
PT: 0.1984
QA: 0.44276172
RE: 0.78
RO: 0.2995
RS: 0.545552
RU: 0.33648325
SA: 0.56850006
SD: 0.25931232
SE: 0.0088
SG: 0.46389664
SI: 0.2178
SK: 0.1017
SN: 0.5344203
SV: 0.245827
SY: 0.5452245
TG: 0.57692316
TH: 0.50315494
TJ: 0.08328969
TM: 0.41232855
TN: 0.47038147
TR: 0.4296388
TT: 0.4979688
TW: 0.5674732
TZ: 0.38022287
UA: 0.24050241
US: 0.3572021
UY: 0.15238716
UZ: 0.42688644
VE: 0.23105603
VN: 0.42626578
WD: 0.4787
XK: 0.77761194
YE: 0.53846155
YT: 0.78
ZA: 0.66473755
ZM: 0.12077597
ZW: 0.2790279
