AGO: 0.16886728
ALB: 0.024482107
ARE: 0.42786282
ARG: 0.34729196
ARM: 0.20694258
AUS: 0.48625497
AUT: 0.0824
AZE: 0.48151907
BEL: 0.161
BEN: 0.65217395
BGD: 0.44666843
BGR: 0.4104
BHR: 0.48995312
BIH: 0.47845804
BLM: 0.859
BLR: 0.44362558
BOL: 0.3114754
BRA: 0.14177426
BRN: 0.6590909
BWA: 0.8
CAN: 0.11899668
CHE: 0.0273
CHL: 0.37446323
CHN: 0.5413317
CIV: 0.42138367
CMR: 0.2437071
COD: 0.026002169
COG: 0.36414563
COL: 0.19262947
CRI: 0.030903326
CUB: 0.5759049
CYP: 0.6209
CZE: 0.4366
DEU: 0.311
DNK: 0.109
DOM: 0.6057243
DZA: 0.44974878
ECU: 0.13754825
EGY: 0.3890191
ERI: 0.6590909
ESP: 0.1564
EST: 0.774
ETH: 0.025441698
EUU: 0.2307
FIN: 0.0686
FRA: 0.052
GAB: 0.29491525
GBR: 0.225
GEO: 0.111374405
GHA: 0.35504724
GIB: 0.762
GLP: 0.5886076
GRC: 0.4792
GTM: 0.3320158
GUF: 0.957
HND: 0.35864594
HRV: 0.1338
HTI: 0.606383
HUN: 0.2164
IDN: 0.6246789
IND: 0.6260071
IRL: 0.2786
IRQ: 0.4197325
ISL: 0.02875471
ISR: 0.52777277
ITA: 0.2134
JAM: 0.5323383
JOR: 0.43220337
JPN: 0.4164962
KAZ: 0.6549424
KEN: 0.11237928
KGZ: 0.09152752
KHM: 0.42352942
KOR: 0.42382675
KWT: 0.4381219
LBN: 0.54489166
LBY: 0.49651044
LKA: 0.43922418
LTU: 0.0454
LUX: 0.585
LVA: 0.1065
MAF: 0.82
MAR: 0.57106445
MDA: 0.6298568
MEX: 0.37380746
MKD: 0.34911407
MLT: 0.379
MMR: 0.31110156
MNE: 0.3506849
MNG: 0.72597406
MOZ: 0.12977527
MTQ: 0.6535948
MYS: 0.54100055
MYT: 0.78
NAM: 0.056603775
NGA: 0.3952415
NIC: 0.34334766
NLD: 0.3285
NOR: 0.025080723
NPL: 0.022653723
NZL: 0.13598497
OMN: 0.44053098
PAK: 0.29577448
PAN: 0.18339417
PER: 0.23397925
PHL: 0.5443023
POL: 0.7098
PRK: 0.14955203
PRT: 0.1984
PYF: 0.858
QAT: 0.44276172
REU: 0.78
ROU: 0.2995
RUS: 0.33648325
SAU: 0.56850006
SDN: 0.25931232
SEN: 0.5344203
SGP: 0.46389664
SLV: 0.245827
SPM: 0.944
SRB: 0.545552
SVK: 0.1017
SVN: 0.2178
SWE: 0.0088
SYR: 0.5452245
TGO: 0.57692316
THA: 0.50315494
TJK: 0.08328969
TKM: 0.41232855
TTO: 0.4979688
TUN: 0.47038147
TUR: 0.4296388
TWN: 0.5674732
TZA: 0.38022287
UKR: 0.24050241
URY: 0.15238716
USA: 0.3572021
UZB: 0.42688644
VEN: 0.23105603
VNM: 0.42626578
WLD: 0.4787
XKX: 0.77761194
YEM: 0.53846155
ZAF: 0.66473755
ZMB: 0.12077597
ZWE: 0.2790279
